# Created by Octave 4.2.1, Tue Aug 15 12:11:03 2017 BST <gary@gary-Precision-3510>
# name: v
# type: matrix
# rows: 10
# columns: 1
 399900
 329900
 369000
 232000
 539900
 299900
 314900
 198999
 212000
 242500


